&FCI
 NORB=6, NMODE=6, UHF=.TRUE.
&END
0.07953916361235415    1    1    7
-0.03180480314726243    1    1    11
0.6264033779172581    1    3    9
-0.0058284395663246785    1    5    7
0.07953916361233551    1    5    11
0.12620054142720977    1    7    1
-0.11940196722536589    1    7    5
0.030777543420510034    1    9    3
-0.028540526279883238    1    11    1
0.12620054142721068    1    11    5
-0.20171267358590445    2    1    9
0.249703917940465    2    3    7
0.20171267358591    2    3    11
-0.24970391794046967    2    5    9
-0.06653916228573468    2    7    3
-0.1023320290767983    2    9    1
0.06653916228573394    2    9    5
0.1023320290767986    2    11    3
0.1575692477527167    3    1    7
-0.0008179854119431378    3    1    11
0.051921672343856105    3    3    9
-0.33859708095188007    3    5    7
0.15756924775259595    3    5    11
0.020513047212845147    3    7    1
-0.046548860426772816    3    7    5
-0.022074067169451452    3    9    3
0.019926933975932887    3    11    1
0.02051304721284465    3    11    5
0.03717952379647554    4    1    7
-0.23282979126648234    4    1    11
-0.17003839102249152    4    3    9
0.13995817971143312    4    5    7
0.03717952379682633    4    5    11
-0.019053573064375363    4    7    1
0.02824951989971154    4    7    5
0.0609484359696183    4    9    3
-0.05496828410632195    4    11    1
-0.019053573064377216    4    11    5
-0.24559770562067207    5    1    9
-0.18704768682153833    5    3    7
0.24559770562066308    5    3    11
0.1870476868215413    5    5    9
-0.04632284250460168    5    7    3
0.07173898282022692    5    9    1
0.0463228425046012    5    9    5
-0.07173898282022902    5    11    3
-0.20030795705381085    6    1    7
0.19847828627553774    6    1    11
-0.09746003969917798    6    3    9
0.09174277223152605    6    5    7
-0.20030795705419735    6    5    11
-0.03197691666078352    6    7    1
0.04772165489902279    6    7    5
0.0636909551885465    6    9    3
-0.05720611892659093    6    11    1
-0.03197691666078274    6    11    5
0.07953916361236395    1    2    8
-0.031804803147270216    1    2    12
0.6264033779172568    1    4    10
-0.005828439566326352    1    6    8
0.07953916361237756    1    6    12
0.1262005414272111    1    8    2
-0.11940196722536588    1    8    6
0.03077754342051016    1    10    4
-0.02854052627988294    1    12    2
0.12620054142721182    1    12    6
-0.2017126735859058    2    2    10
0.24970391794046368    2    4    8
0.20171267358591677    2    4    12
-0.24970391794046745    2    6    10
-0.06653916228573492    2    8    4
-0.10233202907679813    2    10    2
0.06653916228573419    2    10    6
0.10233202907679853    2    12    4
0.1575692477527123    3    2    8
-0.0008179854118183331    3    2    12
0.051921672343884506    3    4    10
-0.33859708095189267    3    6    8
0.15756924775250578    3    6    12
0.020513047212844963    3    8    2
-0.04654886042677325    3    8    6
-0.02207406716945136    3    10    4
0.019926933975933273    3    12    2
0.020513047212845047    3    12    6
0.03717952379634491    4    2    8
-0.23282979126669054    4    2    12
-0.1700383910224582    4    4    10
0.13995817971140068    4    6    8
0.037179523796344885    4    6    12
-0.019053573064376085    4    8    2
0.02824951989971184    4    8    6
0.0609484359696171    4    10    4
-0.0549682841063233    4    12    2
-0.01905357306437681    4    12    6
-0.24559770562070152    5    2    10
-0.18704768682154294    5    4    8
0.24559770562061542    5    4    12
0.187047686821538    5    6    10
-0.04632284250460214    5    8    4
0.07173898282022663    5    10    2
0.04632284250460217    5    10    6
-0.07173898282022867    5    12    4
-0.20030795705367813    6    2    8
0.19847828627572153    6    2    12
-0.09746003969920866    6    4    10
0.09174277223154735    6    6    8
-0.20030795705373822    6    6    12
-0.03197691666078339    6    8    2
0.04772165489902289    6    8    6
0.06369095518854677    6    10    4
-0.05720611892659106    6    12    2
-0.03197691666078238    6    12    6
