&FCI NMODE= 8, NBOSON= 6
&END
1.0000000000 1 1 1 1 
0.5000000000 1 1 2 2 
0.5000000000 1 2 2 1 
0.2500000000 1 1 3 3 
0.3535533906 1 2 3 2 
0.2500000000 1 3 3 1 
0.1250000000 1 1 4 4 
0.2165063509 1 2 4 3 
0.2165063509 1 3 4 2 
0.1250000000 1 4 4 1 
0.0625000000 1 1 5 5 
0.1250000000 1 2 5 4 
0.1530931089 1 3 5 3 
0.1250000000 1 4 5 2 
0.0625000000 1 5 5 1 
0.0312500000 1 1 6 6 
0.0698771243 1 2 6 5 
0.0988211769 1 3 6 4 
0.0988211769 1 4 6 3 
0.0698771243 1 5 6 2 
0.0312500000 1 6 6 1 
0.0156250000 1 1 7 7 
0.0382732772 1 2 7 6 
0.0605153648 1 3 7 5 
0.0698771243 1 4 7 4 
0.0605153648 1 5 7 3 
0.0382732772 1 6 7 2 
0.0156250000 1 7 7 1 
0.0078125000 1 1 8 8 
0.0206699321 1 2 8 7 
0.0358013726 1 3 8 6 
0.0462193733 1 4 8 5 
0.0462193733 1 5 8 4 
0.0358013726 1 6 8 3 
0.0206699321 1 7 8 2 
0.0078125000 1 8 8 1 
0.5000000000 2 1 1 2 
0.5000000000 2 2 1 1 
0.3535533906 2 1 2 3 
0.5000000000 2 2 2 2 
0.3535533906 2 3 2 1 
0.2165063509 2 1 3 4 
0.3750000000 2 2 3 3 
0.3750000000 2 3 3 2 
0.2165063509 2 4 3 1 
0.1250000000 2 1 4 5 
0.2500000000 2 2 4 4 
0.3061862178 2 3 4 3 
0.2500000000 2 4 4 2 
0.1250000000 2 5 4 1 
0.0698771243 2 1 5 6 
0.1562500000 2 2 5 5 
0.2209708691 2 3 5 4 
0.2209708691 2 4 5 3 
0.1562500000 2 5 5 2 
0.0698771243 2 6 5 1 
0.0382732772 2 1 6 7 
0.0937500000 2 2 6 6 
0.1482317653 2 3 6 5 
0.1711632992 2 4 6 4 
0.1482317653 2 5 6 3 
0.0937500000 2 6 6 2 
0.0382732772 2 7 6 1 
0.0206699321 2 1 7 8 
0.0546875000 2 2 7 7 
0.0947215285 2 3 7 6 
0.1222849675 2 4 7 5 
0.1222849675 2 5 7 4 
0.0947215285 2 6 7 3 
0.0546875000 2 7 7 2 
0.0206699321 2 8 7 1 
0.0312500000 2 2 8 8 
0.0584633967 2 3 8 7 
0.0826797285 2 4 8 6 
0.0924387466 2 5 8 5 
0.0826797285 2 6 8 4 
0.0584633967 2 7 8 3 
0.0312500000 2 8 8 2 
0.2500000000 3 1 1 3 
0.3535533906 3 2 1 2 
0.2500000000 3 3 1 1 
0.2165063509 3 1 2 4 
0.3750000000 3 2 2 3 
0.3750000000 3 3 2 2 
0.2165063509 3 4 2 1 
0.1530931089 3 1 3 5 
0.3061862178 3 2 3 4 
0.3750000000 3 3 3 3 
0.3061862178 3 4 3 2 
0.1530931089 3 5 3 1 
0.0988211769 3 1 4 6 
0.2209708691 3 2 4 5 
0.3125000000 3 3 4 4 
0.3125000000 3 4 4 3 
0.2209708691 3 5 4 2 
0.0988211769 3 6 4 1 
0.0605153648 3 1 5 7 
0.1482317653 3 2 5 6 
0.2343750000 3 3 5 5 
0.2706329387 3 4 5 4 
0.2343750000 3 5 5 3 
0.1482317653 3 6 5 2 
0.0605153648 3 7 5 1 
0.0358013726 3 1 6 8 
0.0947215285 3 2 6 7 
0.1640625000 3 3 6 6 
0.2118037767 3 4 6 5 
0.2118037767 3 5 6 4 
0.1640625000 3 6 6 3 
0.0947215285 3 7 6 2 
0.0358013726 3 8 6 1 
0.0584633967 3 2 7 8 
0.1093750000 3 3 7 7 
0.1546796084 3 4 7 6 
0.1729370595 3 5 7 5 
0.1546796084 3 6 7 4 
0.1093750000 3 7 7 3 
0.0584633967 3 8 7 2 
0.0703125000 3 3 8 8 
0.1074041179 3 4 8 7 
0.1315426425 3 5 8 6 
0.1315426425 3 6 8 5 
0.1074041179 3 7 8 4 
0.0703125000 3 8 8 3 
0.1250000000 4 1 1 4 
0.2165063509 4 2 1 3 
0.2165063509 4 3 1 2 
0.1250000000 4 4 1 1 
0.1250000000 4 1 2 5 
0.2500000000 4 2 2 4 
0.3061862178 4 3 2 3 
0.2500000000 4 4 2 2 
0.1250000000 4 5 2 1 
0.0988211769 4 1 3 6 
0.2209708691 4 2 3 5 
0.3125000000 4 3 3 4 
0.3125000000 4 4 3 3 
0.2209708691 4 5 3 2 
0.0988211769 4 6 3 1 
0.0698771243 4 1 4 7 
0.1711632992 4 2 4 6 
0.2706329387 4 3 4 5 
0.3125000000 4 4 4 4 
0.2706329387 4 5 4 3 
0.1711632992 4 6 4 2 
0.0698771243 4 7 4 1 
0.0462193733 4 1 5 8 
0.1222849675 4 2 5 7 
0.2118037767 4 3 5 6 
0.2734375000 4 4 5 5 
0.2734375000 4 5 5 4 
0.2118037767 4 6 5 3 
0.1222849675 4 7 5 2 
0.0462193733 4 8 5 1 
0.0826797285 4 2 6 8 
0.1546796084 4 3 6 7 
0.2187500000 4 4 6 6 
0.2445699350 4 5 6 5 
0.2187500000 4 6 6 4 
0.1546796084 4 7 6 3 
0.0826797285 4 8 6 2 
0.1074041179 4 3 7 8 
0.1640625000 4 4 7 7 
0.2009347055 4 5 7 6 
0.2009347055 4 6 7 5 
0.1640625000 4 7 7 4 
0.1074041179 4 8 7 3 
0.1171875000 4 4 8 8 
0.1550244909 4 5 8 7 
0.1698208212 4 6 8 6 
0.1550244909 4 7 8 5 
0.1171875000 4 8 8 4 
0.0625000000 5 1 1 5 
0.1250000000 5 2 1 4 
0.1530931089 5 3 1 3 
0.1250000000 5 4 1 2 
0.0625000000 5 5 1 1 
0.0698771243 5 1 2 6 
0.1562500000 5 2 2 5 
0.2209708691 5 3 2 4 
0.2209708691 5 4 2 3 
0.1562500000 5 5 2 2 
0.0698771243 5 6 2 1 
0.0605153648 5 1 3 7 
0.1482317653 5 2 3 6 
0.2343750000 5 3 3 5 
0.2706329387 5 4 3 4 
0.2343750000 5 5 3 3 
0.1482317653 5 6 3 2 
0.0605153648 5 7 3 1 
0.0462193733 5 1 4 8 
0.1222849675 5 2 4 7 
0.2118037767 5 3 4 6 
0.2734375000 5 4 4 5 
0.2734375000 5 5 4 4 
0.2118037767 5 6 4 3 
0.1222849675 5 7 4 2 
0.0462193733 5 8 4 1 
0.0924387466 5 2 5 8 
0.1729370595 5 3 5 7 
0.2445699350 5 4 5 6 
0.2734375000 5 5 5 5 
0.2445699350 5 6 5 4 
0.1729370595 5 7 5 3 
0.0924387466 5 8 5 2 
0.1315426425 5 3 6 8 
0.2009347055 5 4 6 7 
0.2460937500 5 5 6 6 
0.2460937500 5 6 6 5 
0.2009347055 5 7 6 4 
0.1315426425 5 8 6 3 
0.1550244909 5 4 7 8 
0.2050781250 5 5 7 7 
0.2246518302 5 6 7 6 
0.2050781250 5 7 7 5 
0.1550244909 5 8 7 4 
0.1611328125 5 5 8 8 
0.1906549149 5 6 8 7 
0.1906549149 5 7 8 6 
0.1611328125 5 8 8 5 
0.0312500000 6 1 1 6 
0.0698771243 6 2 1 5 
0.0988211769 6 3 1 4 
0.0988211769 6 4 1 3 
0.0698771243 6 5 1 2 
0.0312500000 6 6 1 1 
0.0382732772 6 1 2 7 
0.0937500000 6 2 2 6 
0.1482317653 6 3 2 5 
0.1711632992 6 4 2 4 
0.1482317653 6 5 2 3 
0.0937500000 6 6 2 2 
0.0382732772 6 7 2 1 
0.0358013726 6 1 3 8 
0.0947215285 6 2 3 7 
0.1640625000 6 3 3 6 
0.2118037767 6 4 3 5 
0.2118037767 6 5 3 4 
0.1640625000 6 6 3 3 
0.0947215285 6 7 3 2 
0.0358013726 6 8 3 1 
0.0826797285 6 2 4 8 
0.1546796084 6 3 4 7 
0.2187500000 6 4 4 6 
0.2445699350 6 5 4 5 
0.2187500000 6 6 4 4 
0.1546796084 6 7 4 3 
0.0826797285 6 8 4 2 
0.1315426425 6 3 5 8 
0.2009347055 6 4 5 7 
0.2460937500 6 5 5 6 
0.2460937500 6 6 5 5 
0.2009347055 6 7 5 4 
0.1315426425 6 8 5 3 
0.1698208212 6 4 6 8 
0.2246518302 6 5 6 7 
0.2460937500 6 6 6 6 
0.2246518302 6 7 6 5 
0.1698208212 6 8 6 4 
0.1906549149 6 5 7 8 
0.2255859375 6 6 7 7 
0.2255859375 6 7 7 6 
0.1906549149 6 8 7 5 
0.1933593750 6 6 8 8 
0.2088519952 6 7 8 7 
0.1933593750 6 8 8 6 
0.0156250000 7 1 1 7 
0.0382732772 7 2 1 6 
0.0605153648 7 3 1 5 
0.0698771243 7 4 1 4 
0.0605153648 7 5 1 3 
0.0382732772 7 6 1 2 
0.0156250000 7 7 1 1 
0.0206699321 7 1 2 8 
0.0546875000 7 2 2 7 
0.0947215285 7 3 2 6 
0.1222849675 7 4 2 5 
0.1222849675 7 5 2 4 
0.0947215285 7 6 2 3 
0.0546875000 7 7 2 2 
0.0206699321 7 8 2 1 
0.0584633967 7 2 3 8 
0.1093750000 7 3 3 7 
0.1546796084 7 4 3 6 
0.1729370595 7 5 3 5 
0.1546796084 7 6 3 4 
0.1093750000 7 7 3 3 
0.0584633967 7 8 3 2 
0.1074041179 7 3 4 8 
0.1640625000 7 4 4 7 
0.2009347055 7 5 4 6 
0.2009347055 7 6 4 5 
0.1640625000 7 7 4 4 
0.1074041179 7 8 4 3 
0.1550244909 7 4 5 8 
0.2050781250 7 5 5 7 
0.2246518302 7 6 5 6 
0.2050781250 7 7 5 5 
0.1550244909 7 8 5 4 
0.1906549149 7 5 6 8 
0.2255859375 7 6 6 7 
0.2255859375 7 7 6 6 
0.1906549149 7 8 6 5 
0.2088519952 7 6 7 8 
0.2255859375 7 7 7 7 
0.2088519952 7 8 7 6 
0.2094726562 7 7 8 8 
0.2094726562 7 8 8 7 
0.0078125000 8 1 1 8 
0.0206699321 8 2 1 7 
0.0358013726 8 3 1 6 
0.0462193733 8 4 1 5 
0.0462193733 8 5 1 4 
0.0358013726 8 6 1 3 
0.0206699321 8 7 1 2 
0.0078125000 8 8 1 1 
0.0312500000 8 2 2 8 
0.0584633967 8 3 2 7 
0.0826797285 8 4 2 6 
0.0924387466 8 5 2 5 
0.0826797285 8 6 2 4 
0.0584633967 8 7 2 3 
0.0312500000 8 8 2 2 
0.0703125000 8 3 3 8 
0.1074041179 8 4 3 7 
0.1315426425 8 5 3 6 
0.1315426425 8 6 3 5 
0.1074041179 8 7 3 4 
0.0703125000 8 8 3 3 
0.1171875000 8 4 4 8 
0.1550244909 8 5 4 7 
0.1698208212 8 6 4 6 
0.1550244909 8 7 4 5 
0.1171875000 8 8 4 4 
0.1611328125 8 5 5 8 
0.1906549149 8 6 5 7 
0.1906549149 8 7 5 6 
0.1611328125 8 8 5 5 
0.1933593750 8 6 6 8 
0.2088519952 8 7 6 7 
0.1933593750 8 8 6 6 
0.2094726562 8 7 7 8 
0.2094726562 8 8 7 7 
0.2094726562 8 8 8 8 
