&FCI NMODE= 5, NBOSON= 5
&END
1.0000000000 1 1 1 1 
0.5000000000 1 1 2 2 
0.5000000000 1 2 2 1 
0.2500000000 1 1 3 3 
0.3535533906 1 2 3 2 
0.2500000000 1 3 3 1 
0.1250000000 1 1 4 4 
0.2165063509 1 2 4 3 
0.2165063509 1 3 4 2 
0.1250000000 1 4 4 1 
0.0625000000 1 1 5 5 
0.1250000000 1 2 5 4 
0.1530931089 1 3 5 3 
0.1250000000 1 4 5 2 
0.0625000000 1 5 5 1 
0.5000000000 2 1 1 2 
0.5000000000 2 2 1 1 
0.3535533906 2 1 2 3 
0.5000000000 2 2 2 2 
0.3535533906 2 3 2 1 
0.2165063509 2 1 3 4 
0.3750000000 2 2 3 3 
0.3750000000 2 3 3 2 
0.2165063509 2 4 3 1 
0.1250000000 2 1 4 5 
0.2500000000 2 2 4 4 
0.3061862178 2 3 4 3 
0.2500000000 2 4 4 2 
0.1250000000 2 5 4 1 
0.1562500000 2 2 5 5 
0.2209708691 2 3 5 4 
0.2209708691 2 4 5 3 
0.1562500000 2 5 5 2 
0.2500000000 3 1 1 3 
0.3535533906 3 2 1 2 
0.2500000000 3 3 1 1 
0.2165063509 3 1 2 4 
0.3750000000 3 2 2 3 
0.3750000000 3 3 2 2 
0.2165063509 3 4 2 1 
0.1530931089 3 1 3 5 
0.3061862178 3 2 3 4 
0.3750000000 3 3 3 3 
0.3061862178 3 4 3 2 
0.1530931089 3 5 3 1 
0.2209708691 3 2 4 5 
0.3125000000 3 3 4 4 
0.3125000000 3 4 4 3 
0.2209708691 3 5 4 2 
0.2343750000 3 3 5 5 
0.2706329387 3 4 5 4 
0.2343750000 3 5 5 3 
0.1250000000 4 1 1 4 
0.2165063509 4 2 1 3 
0.2165063509 4 3 1 2 
0.1250000000 4 4 1 1 
0.1250000000 4 1 2 5 
0.2500000000 4 2 2 4 
0.3061862178 4 3 2 3 
0.2500000000 4 4 2 2 
0.1250000000 4 5 2 1 
0.2209708691 4 2 3 5 
0.3125000000 4 3 3 4 
0.3125000000 4 4 3 3 
0.2209708691 4 5 3 2 
0.2706329387 4 3 4 5 
0.3125000000 4 4 4 4 
0.2706329387 4 5 4 3 
0.2734375000 4 4 5 5 
0.2734375000 4 5 5 4 
0.0625000000 5 1 1 5 
0.1250000000 5 2 1 4 
0.1530931089 5 3 1 3 
0.1250000000 5 4 1 2 
0.0625000000 5 5 1 1 
0.1562500000 5 2 2 5 
0.2209708691 5 3 2 4 
0.2209708691 5 4 2 3 
0.1562500000 5 5 2 2 
0.2343750000 5 3 3 5 
0.2706329387 5 4 3 4 
0.2343750000 5 5 3 3 
0.2734375000 5 4 4 5 
0.2734375000 5 5 4 4 
0.2734375000 5 5 5 5 
